380 0.00016     1.7E-5    0.000705    
385 0.000662    7.2E-5    0.002928    
390 0.002362    0.000253  0.010482    
395 0.007242    0.000769  0.032344    
400 0.01911     0.002004  0.086011    
405 0.0434      0.004509  0.19712     
410 0.084736    0.008756  0.389366    
415 0.140638    0.014456  0.65676     
420 0.204492    0.021391  0.972542    
425 0.264737    0.029497  1.2825      
430 0.314679    0.038676  1.55348     
435 0.357719    0.049602  1.7985      
440 0.383734    0.062077  1.96728     
445 0.386726    0.074704  2.0273      
450 0.370702    0.089456  1.9948      
455 0.342957    0.106256  1.9007      
460 0.302273    0.128201  1.74537     
465 0.254085    0.152761  1.5549      
466 0.2432475   0.1586186 1.512042    
467 0.2319496   0.1648612 1.467117    
468 0.2202236   0.1714178 1.419887    
469 0.2081022   0.1782176 1.370114    
470 0.195618    0.18519   1.31756     
471 0.1828311   0.1922623 1.26219     
472 0.1699124   0.1993548 1.204785    
473 0.1570602   0.2063862 1.146329    
474 0.1444729   0.2132751 1.087806    
475 0.132349    0.21994   1.0302      
476 0.120846    0.2263518 0.9743491   
477 0.1099575   0.2326904 0.9205078   
478 0.09963629  0.239188  0.8687844   
479 0.08983521  0.2460768 0.8192873   
480 0.080507    0.253589  0.772125    
481 0.07161855  0.2618691 0.7273653   
482 0.06319327  0.2707107 0.6849138   
483 0.05526873  0.27982   0.6446357   
484 0.04788245  0.2889027 0.6063961   
485 0.041072    0.297665  0.57006     
486 0.03486852  0.3059148 0.5355169   
487 0.0292776   0.3138684 0.5027536   
488 0.02429842  0.3218438 0.4717812   
489 0.01993016  0.3301593 0.442611    
490 0.016172    0.339133  0.415254    
491 0.01301216  0.3490061 0.3896918   
492 0.01039492  0.3597114 0.3657875   
493 0.008253606 0.3711048 0.3433745   
494 0.006521527 0.3830421 0.3222862   
495 0.005132    0.395379  0.302356    
496 0.004040958 0.4079935 0.2834515   
497 0.003294809 0.420852  0.2655762   
498 0.002962582 0.4339431 0.2487677   
499 0.003113303 0.4472552 0.2330638   
500 0.003816    0.460777  0.218502    
501 0.005119052 0.4744987 0.2050809   
502 0.006988242 0.4884183 0.1926422   
503 0.009368707 0.5025352 0.1809889   
504 0.01220558  0.5168493 0.1699236   
505 0.015444    0.53136   0.159249    
506 0.01904291  0.5460662 0.1488256   
507 0.02301648  0.5609631 0.1387446   
508 0.0273927   0.576045  0.1291547   
509 0.03219954  0.5913062 0.1202049   
510 0.037465    0.606741  0.112044    
511 0.04321471  0.6223385 0.1047725   
512 0.04946494  0.6380665 0.09829797  
513 0.05622962  0.6538877 0.09247956  
514 0.06352266  0.6697647 0.0871765   
515 0.071358    0.68566   0.082248    
516 0.0797383   0.7015176 0.07757258  
517 0.08862118  0.7172061 0.07310594  
518 0.09795302  0.7325755 0.06882312  
519 0.1076802   0.7474758 0.06469914  
520 0.117749    0.761757  0.060709    
521 0.1281188   0.7753066 0.056837    
522 0.1388003   0.7881629 0.05310449  
523 0.1498174   0.8004016 0.04954208  
524 0.1611937   0.8120987 0.04618038  
525 0.172953    0.82333   0.04305     
526 0.1851043   0.8341717 0.04016966  
527 0.1975981   0.8447021 0.03751042  
528 0.21037     0.8549997 0.03503145  
529 0.2233557   0.8651431 0.03269192  
530 0.236491    0.875211  0.030451    
531 0.249728    0.8852551 0.02827815  
532 0.2630845   0.8952196 0.02618405  
533 0.2765947   0.905022  0.02418967  
534 0.2902928   0.9145796 0.022316    
535 0.304213    0.92381   0.020584    
536 0.318377    0.9326291 0.0190058   
537 0.3327561   0.9409474 0.01755808  
538 0.3473091   0.9486739 0.01620865  
539 0.3619948   0.9557177 0.01492535  
540 0.376772    0.961988  0.013676    
541 0.3916074   0.9674229 0.01243726  
542 0.4064996   0.9720774 0.01122119  
543 0.4214554   0.9760357 0.01004869  
544 0.4364813   0.9793818 0.008940661 
545 0.451584    0.9822    0.007918    
546 0.4667809   0.9845779 0.006994978 
547 0.4821324   0.9866174 0.006159347 
548 0.4977096   0.9884241 0.005392226 
549 0.5135838   0.9901034 0.004674737 
550 0.529826    0.991761  0.003988    
551 0.5464835   0.9934678 0.003319025 
552 0.5635077   0.9951573 0.002678381 
553 0.5808257   0.9967282 0.002082523 
554 0.5983651   0.9980795 0.001547911 
555 0.616053    0.99911   0.001091    
556 0.6338253   0.9997301 0.0007238649
557 0.651651    0.9998957 0.0004410432
558 0.6695077   0.9995742 0.0002326891
559 0.6873729   0.9987332 8.895665E-5 
560 0.705224    0.99734   0.0         
565 0.793832    0.98238   0.0         
570 0.878655    0.955552  0.0         
575 0.951162    0.915175  0.0         
580 1.01416     0.868934  0.0         
585 1.0743      0.825623  0.0         
590 1.11852     0.777405  0.0         
595 1.1343      0.720353  0.0         
600 1.12399     0.658341  0.0         
605 1.0891      0.593878  0.0         
610 1.03048     0.527963  0.0         
615 0.95074     0.461834  0.0         
620 0.856297    0.398057  0.0         
625 0.75493     0.339554  0.0         
630 0.647467    0.283493  0.0         
635 0.53511     0.228254  0.0         
640 0.431567    0.179828  0.0         
645 0.34369     0.140211  0.0         
650 0.268329    0.107633  0.0         
655 0.2043      0.081187  0.0         
660 0.152568    0.060281  0.0         
665 0.11221     0.044096  0.0         
670 0.081261    0.0318    0.0         
675 0.05793     0.022602  0.0         
680 0.040851    0.015905  0.0         
685 0.028623    0.01113   0.0         
690 0.019941    0.007749  0.0         
695 0.013842    0.005375  0.0         
700 0.009577    0.003718  0.0         
705 0.006605    0.002565  0.0         
710 0.004553    0.001768  0.0         
715 0.003145    0.001222  0.0         
720 0.002175    0.000846  0.0         
725 0.001506    0.000586  0.0         
730 0.001045    0.000407  0.0         
735 0.000727    0.000284  0.0         
740 0.000508    0.000199  0.0         
745 0.000356    0.00014   0.0         
750 0.000251    9.8E-5    0.0         
755 0.000178    7.0E-5    0.0         
760 0.000126    5.0E-5    0.0         
765 9.0E-5      3.6E-5    0.0         
770 6.5E-5      2.5E-5    0.0         
775 4.6E-5      1.8E-5    0.0         
780 3.3E-5      1.3E-5    0.0         
