380 0.001368    3.9E-5     0.00645    
385 0.002236    6.4E-5     0.01055    
390 0.004243    0.00012    0.02005    
395 0.00765     0.000217   0.03621    
400 0.01431     0.000396   0.06785    
405 0.02319     0.00064    0.1102     
410 0.04351     0.00121    0.2074     
415 0.07763     0.00218    0.3713     
420 0.13438     0.004      0.6456     
425 0.21477     0.0073     1.03905    
430 0.2839      0.0116     1.3856     
435 0.3285      0.01684    1.62296    
440 0.34828     0.023      1.74706    
445 0.34806     0.0298     1.7826     
450 0.3362      0.038      1.77211    
451 0.3332235   0.03984569 1.768377   
452 0.3300701   0.04176509 1.764171   
453 0.3266549   0.04376163 1.759031   
454 0.3228932   0.04583879 1.752495   
455 0.3187      0.048      1.7441     
456 0.3140107   0.05024722 1.733474   
457 0.3088406   0.05257638 1.720598   
458 0.3032252   0.05498194 1.705546   
459 0.2971998   0.05745833 1.68839    
460 0.2908      0.06       1.6692     
461 0.2840345   0.06260464 1.647912   
462 0.2768059   0.06528299 1.62391    
463 0.26899     0.06804901 1.596443   
464 0.2604627   0.07091669 1.564757   
465 0.2511      0.0739     1.5281     
466 0.2408413   0.07701245 1.48607    
467 0.2298805   0.08026559 1.439663   
468 0.2184751   0.08367051 1.390224   
469 0.2068824   0.08723829 1.339102   
470 0.19536     0.09098    1.28764    
471 0.1841196   0.09490605 1.236942   
472 0.1731902   0.0990241  1.187136   
473 0.1625549   0.1033411  1.138104   
474 0.1521971   0.1078641  1.089731   
475 0.1421      0.1126     1.0419     
476 0.1322525   0.1175502  0.9945442  
477 0.1226658   0.1226939  0.9477929  
478 0.1133568   0.1280044  0.9018245  
479 0.1043426   0.1334553  0.8568173  
480 0.09564     0.13902    0.81295    
481 0.08727035  0.1446855  0.7703949  
482 0.07927288  0.1504923  0.7293002  
483 0.07169123  0.1564943  0.689808   
484 0.06456905  0.1627456  0.6520606  
485 0.05795     0.1693     0.6162     
486 0.05186237  0.1762077  0.5823285  
487 0.04627304  0.183503   0.5503884  
488 0.04113352  0.1912165  0.520282   
489 0.03639533  0.1993786  0.4919118  
490 0.03201     0.20802    0.46518    
491 0.0279372   0.217164   0.439994   
492 0.02416929  0.2268059  0.4162809  
493 0.02070678  0.2369338  0.3939728  
494 0.01755018  0.2475357  0.3730018  
495 0.0147      0.2586     0.3533     
496 0.01215545  0.2701351  0.3348039  
497 0.009910513 0.2822317  0.3174674  
498 0.007957846 0.2950007  0.301249   
499 0.006290119 0.3085531  0.2861071  
500 0.0049      0.323      0.272      
501 0.003784501 0.3384105  0.2588604  
502 0.002958014 0.3546861  0.2465173  
503 0.002439277 0.3716864  0.234774   
504 0.002247026 0.3892712  0.2234338  
505 0.0024      0.4073     0.2123     
506 0.002919343 0.425663   0.2012187  
507 0.003835831 0.444372   0.1902075  
508 0.005182647 0.4634696  0.179327   
509 0.006992976 0.4829981  0.1686377  
510 0.0093      0.503      0.1582     
511 0.01213413  0.5234905  0.1480729  
512 0.01551466  0.5443762  0.1383086  
513 0.01945813  0.5655367  0.1289579  
514 0.02398107  0.5868515  0.1200715  
515 0.0291      0.6082     0.1117     
516 0.03482391  0.629452   0.1038854  
517 0.0411316   0.6504376  0.09663478 
518 0.04799433  0.6709772  0.08994645 
519 0.05538338  0.6908912  0.08381874 
520 0.06327     0.71       0.07825    
521 0.07162897  0.7281721  0.07322669 
522 0.08044911  0.7454688  0.06868786 
523 0.08972277  0.7619994  0.06456068 
524 0.09944229  0.7778733  0.06077233 
525 0.1096      0.7932     0.05725    
526 0.1201787   0.8080612  0.0539295  
527 0.131123    0.8224282  0.05078123 
528 0.1423679   0.8362446  0.0477842  
529 0.1538486   0.849454   0.04491745 
530 0.1655      0.862      0.04216    
531 0.1772709   0.8738426  0.03949537 
532 0.1891644   0.8850072  0.03692506 
533 0.2011976   0.8955355  0.03445507 
534 0.2133871   0.9054692  0.03209138 
535 0.22575     0.91485    0.02984    
536 0.2383002   0.9237123  0.02770549 
537 0.2510405   0.9320609  0.02568676 
538 0.2639706   0.9398934  0.02378127 
539 0.2770905   0.9472073  0.02198653 
540 0.2904      0.954      0.0203     
541 0.3038983   0.9602711  0.01871915 
542 0.3175817   0.9660276  0.01724136 
543 0.331446    0.9712785  0.01586399 
544 0.3454869   0.976033   0.01458442 
545 0.3597      0.9803     0.0134     
546 0.374083    0.9840911  0.0123076  
547 0.3886418   0.9874277  0.01130206 
548 0.403384    0.9903337  0.01037772 
549 0.4183175   0.9928332  0.009528924
550 0.43345     0.99495    0.00875    
551 0.4487867   0.9967031  0.008035648
552 0.4643227   0.998091   0.007381992
553 0.4800502   0.9991074  0.006785511
554 0.4959619   0.9997459  0.006242687
555 0.51205     1.0        0.00575    
556 0.5283041   0.9998611  0.005303807
557 0.5447015   0.9993116  0.00489997 
558 0.561217    0.9983315  0.00453423 
559 0.577825    0.9969009  0.004202327
560 0.5945      0.995      0.0039     
561 0.6112199   0.9926157  0.003623526
562 0.6279755   0.9897624  0.003371328
563 0.6447613   0.9864612  0.003142367
564 0.6615714   0.9827333  0.002935604
565 0.6784      0.9786     0.00275    
566 0.6952373   0.9740777  0.002584491
567 0.7120567   0.9691637  0.002437918
568 0.7288274   0.963851   0.0023091  
569 0.7455188   0.9581322  0.002196855
570 0.7621      0.952      0.0021     
571 0.7785421   0.9454513  0.002017311
572 0.7948233   0.9384994  0.001947399
573 0.8109234   0.9311619  0.001888831
574 0.8268223   0.9234563  0.001840175
575 0.8425      0.9154     0.0018     
580 0.9163      0.87       0.00165    
585 0.9786      0.8163     0.0014     
590 1.0263      0.757      0.0011     
595 1.0567      0.6949     0.001      
600 1.0622      0.631      0.0008     
605 1.0456      0.5668     0.0006     
610 1.0026      0.503      0.00034    
615 0.9384      0.4412     0.00024    
620 0.85445     0.381      0.00019    
625 0.7514      0.321      0.0001     
630 0.6424      0.265      5.0E-5     
635 0.5419      0.217      3.0E-5     
640 0.4479      0.175      2.0E-5     
645 0.3608      0.1382     1.0E-5     
650 0.2835      0.107      0.0        
655 0.2187      0.0816     0.0        
660 0.1649      0.061      0.0        
665 0.1212      0.04458    0.0        
670 0.0874      0.032      0.0        
675 0.0636      0.0232     0.0        
680 0.04677     0.017      0.0        
685 0.0329      0.01192    0.0        
690 0.0227      0.00821    0.0        
695 0.01584     0.005723   0.0        
700 0.011359    0.004102   0.0        
705 0.008111    0.002929   0.0        
710 0.00579     0.002091   0.0        
715 0.004109    0.001484   0.0        
720 0.002899    0.001047   0.0        
725 0.002049    0.00074    0.0        
730 0.00144     0.00052    0.0        
735 0.001       0.000361   0.0        
740 0.00069     0.000249   0.0        
745 0.000476    0.000172   0.0        
750 0.000332    0.00012    0.0        
755 0.000235    8.5E-5     0.0        
760 0.000166    6.0E-5     0.0        
765 0.000117    4.2E-5     0.0        
770 8.3E-5      3.0E-5     0.0        
775 5.9E-5      2.1E-5     0.0        
780 4.2E-5      1.5E-5     0.0        
